67
   
1 0 0 0.456
0 1 0 0.725
0 0 1 -0.15
1 0 0 0.456
0 1 0 0.72699
0 0 1 -0.14801
1 0 0 0.456
0 1 0 0.73265
0 0 1 -0.14235
1 0 0 0.456
0 1 0 0.74149
0 0 1 -0.13351
1 0 0 0.456
0 1 0 0.75301
0 0 1 -0.12199
1 0 0 0.456
0 1 0 0.76673
0 0 1 -0.10827
1 0 0 0.456
0 1 0 0.78215
0 0 1 -0.092846
1 0 0 0.456
0 1 0 0.7988
0 0 1 -0.076196
1 0 0 0.456
0 1 0 0.81619
0 0 1 -0.058813
1 0 0 0.456
0 1 0 0.83381
0 0 1 -0.041187
1 0 0 0.456
0 1 0 0.8512
0 0 1 -0.023804
1 0 0 0.456
0 1 0 0.86785
0 0 1 -0.0071545
1 0 0 0.456
0 1 0 0.88327
0 0 1 0.008274
1 0 0 0.456
0 1 0 0.89699
0 0 1 0.021993
1 0 0 0.456
0 1 0 0.90851
0 0 1 0.033513
1 0 0 0.456
0 1 0 0.91735
0 0 1 0.042347
1 0 0 0.456
0 1 0 0.92301
0 0 1 0.048005
1 0 0 0.456
0 1 0 0.925
0 0 1 0.05
1 0 0 0.456
0 1 -0.0013549 0.92699
0 0.0013549 1 0.048005
1 0 0 0.456
0 0.99999 -0.0050698 0.93265
0 0.0050698 0.99999 0.042347
1 0 0 0.456
0 0.99994 -0.01062 0.94149
0 0.01062 0.99994 0.033513
1 0 0 0.456
0 0.99985 -0.017481 0.95301
0 0.017481 0.99985 0.021993
1 0 0 0.456
0 0.99968 -0.025128 0.96673
0 0.025128 0.99968 0.008274
1 0 0 0.456
0 0.99945 -0.033035 0.98215
0 0.033035 0.99945 -0.0071545
1 0 0 0.456
0 0.99917 -0.040678 0.9988
0 0.040678 0.99917 -0.023804
1 0 0 0.456
0 0.99887 -0.047533 1.0162
0 0.047533 0.99887 -0.041187
1 0 0 0.456
0 0.99859 -0.053077 1.0338
0 0.053077 0.99859 -0.058813
1 0 0 0.456
0 0.99839 -0.056786 1.0512
0 0.056786 0.99839 -0.076196
1 0 0 0.456
0 0.99831 -0.058139 1.0678
0 0.058139 0.99831 -0.092846
1 0 0 0.456
0 0.9984 -0.056612 1.0833
0 0.056612 0.9984 -0.10827
1 0 0 0.456
0 0.99866 -0.05168 1.097
0 0.05168 0.99866 -0.12199
1 0 0 0.456
0 0.99908 -0.042818 1.1085
0 0.042818 0.99908 -0.13351
1 0 0 0.456
0 0.99956 -0.029497 1.1173
0 0.029497 0.99956 -0.14235
1 0 0 0.456
0 0.99994 -0.011188 1.123
0 0.011188 0.99994 -0.14801
1 0 0 0.456
0 1 0 1.125
0 0 1 -0.15
1 4.2529e-05 -0.0029533 0.456
4.2529e-05 0.99959 0.028794 1.124
0.0029533 -0.028794 0.99958 -0.15199
0.99994 0.00036859 -0.011051 0.456
0.00036859 0.99778 0.06663 1.1212
0.011051 -0.06663 0.99772 -0.15765
0.99973 0.0013 -0.023133 0.456
0.0013 0.9937 0.11202 1.1168
0.023133 -0.11202 0.99344 -0.16649
0.99927 0.0031279 -0.03801 0.456
0.0031279 0.98655 0.16341 1.111
0.03801 -0.16341 0.98582 -0.17801
0.9985 0.0060469 -0.054469 0.456
0.0060469 0.97567 0.21916 1.1041
0.054469 -0.21916 0.97417 -0.19173
0.9974 0.010106 -0.071289 0.456
0.010106 0.96065 0.27758 1.0964
0.071289 -0.27758 0.95805 -0.20715
0.99607 0.015177 -0.08726 0.456
0.015177 0.94139 0.33698 1.0881
0.08726 -0.33698 0.93746 -0.2238
0.99464 0.020941 -0.10121 0.456
0.020941 0.91812 0.39575 1.0794
0.10121 -0.39575 0.91276 -0.24119
0.99334 0.026895 -0.11204 0.456
0.026895 0.89141 0.4524 1.0706
0.11204 -0.4524 0.88475 -0.25881
0.9924 0.032371 -0.11873 0.456
0.032371 0.86214 0.50562 1.0619
0.11873 -0.50562 0.85454 -0.2762
0.99206 0.036578 -0.12033 0.456
0.036578 0.83149 0.55432 1.0536
0.12033 -0.55432 0.82355 -0.29285
0.9925 0.038648 -0.11598 0.456
0.038648 0.80086 0.59759 1.0459
0.11598 -0.59759 0.79336 -0.30827
0.99377 0.037693 -0.10484 0.456
0.037693 0.7718 0.63473 1.039
0.10484 -0.63473 0.76558 -0.32199
0.99574 0.032881 -0.086103 0.456
0.032881 0.74601 0.66511 1.0332
0.086103 -0.66511 0.74175 -0.33351
0.99799 0.023513 -0.05888 0.456
0.023513 0.72521 0.6881 1.0288
0.05888 -0.6881 0.7232 -0.34235
0.99971 0.0091256 -0.022208 0.456
0.0091256 0.71115 0.70295 1.026
0.022208 -0.70295 0.71086 -0.34801
1 -0 0 0.456
0 0.70718 0.707 1.025
-0 -0.707 0.70718 -0.35
0.99807 -0.02378 0.05734 0.456
-0.02378 0.7068 0.70699 1.0237
-0.05734 -0.70699 0.70487 -0.35255
0.98961 -0.054248 0.13312 0.456
-0.054248 0.71668 0.69528 1.0201
-0.13312 -0.69528 0.70629 -0.35972
0.97058 -0.088172 0.22405 0.456
-0.088172 0.73575 0.67148 1.0146
-0.22405 -0.67148 0.70633 -0.3708
0.93744 -0.12191 0.32611 0.456
-0.12191 0.76246 0.63544 1.0075
-0.32611 -0.63544 0.6999 -0.38508
0.8878 -0.15175 0.43449 0.456
-0.15175 0.79477 0.58763 0.99907
-0.43449 -0.58763 0.68257 -0.40185
0.82091 -0.17435 0.54379 0.456
-0.17435 0.83027 0.52939 0.9898
-0.54379 -0.52939 0.65117 -0.4204
0.73788 -0.18715 0.64846 0.456
-0.18715 0.86637 0.463 0.97999
-0.64846 -0.463 0.60425 -0.44001
0.6417 -0.18871 0.74338 0.456
-0.18871 0.90061 0.39151 0.97001
-0.74338 -0.39151 0.54231 -0.45999
0.53687 -0.17889 0.82448 0.456
-0.17889 0.9309 0.31847 0.9602
-0.82448 -0.31847 0.46777 -0.4796
0.42888 -0.15895 0.88927 0.456
-0.15895 0.95576 0.24749 0.95093
-0.88927 -0.24749 0.38465 -0.49815
0.32358 -0.13127 0.93705 0.456
-0.13127 0.97452 0.18185 0.94254
-0.93705 -0.18185 0.2981 -0.51492
0.22648 -0.099169 0.96895 0.456
-0.099169 0.98729 0.12422 0.9354
-0.96895 -0.12422 0.21377 -0.5292
0.14241 -0.066406 0.98758 0.456
-0.066406 0.99486 0.076471 0.92986
-0.98758 -0.076471 0.13727 -0.54028
0.075242 -0.036868 0.99648 0.456
-0.036868 0.99853 0.039728 0.92627
-0.99648 -0.039728 0.073772 -0.54745
0.028005 -0.014223 0.99951 0.456
-0.014223 0.99979 0.014625 0.925
-0.99951 -0.014625 0.027796 -0.55
